9
-3
41
-1
37
8
28
4
9
7
-1
-3
43
-1
38
5
16
30
40
22
-2
-4
-6
32
18
-2
12
22
32
38
21
13
-6
28
-10
-9
25
23
7
-1
37
33
29
32
5
15
41
42
-8
18
31
35
-7
18
25
14
22
-3
-7
24
29
42
5
34
4
35
10
19
35
-6
0
22
19
11
-6
37
10
8
16
14
39
41
27
24
41
22
14
22
29
-6
9
35
25
35
43
17
26
25
-5
9
23
-6
-2
32
28
5
13
-6
22
-6
-4
5
-9
11
25
-7
28
23
15
2
12
30
-2
-6
-10
35
12
18
34
37
0
11
29
41
2
10
20
38
27
31
12
9
40
12
4
43
23
10
-7
32
25
27
3
37
-9
8
16
38
29
24
3
16
17
40
15
11
20
34
29
27
15
16
23
32
28
1
-5
42
22
24
38
6
0
11
-4
16
28
6
27
43
8
7
12
-1
8
21
2
42
15
-4
12
12
10
25
4
19
31
8
8
-4
38
-5
5
27
28
3
34
22
11
-10
39
-9
36
24
14
29
-4
-2
-3
28
15
-8
15
21
-2
20
39
29
18
13
23
7
-1
19
21
-6
15
-4
36
7
38
29
-1
12
24
0
3
-6
3
43
-1
7
34
3
-10
14
25
-9
31
26
35
7
6
39
21
24
8
18
31
28
10
-5
21
9
8
-7
6
6
26
37
20
14
9
3
17
9
13
0
22
25
10
9
12
14
34
7
4
18
12
22
34
9
12
40
40
43
15
27
15
42
0
-5
31
30
16
34
34
1
-4
33
36
33
31
39
38
0
16
4
25
43
23
10
1
34
27
16
39
13
-4
26
42
10
11
3
31
35
38
29
35
39
2
42
27
6
16
43
22
34
33
7
28
14
28
30
-5
21
12
-2
15
41
32
43
42
-5
40
-8
12
8
29
43
29
35
2
37
3
18
30
42
30
33
8
19
7
-6
0
-4
19
40
3
6
40
28
-4
26
28
36
34
-7
15
0
-9
23
33
3
-6
7
11
6
-1
37
10
-6
-1
13
30
5
-2
23
33
30
12
33
22
4
-6
-6
43
30
11
21
23
12
42
43
23
0
23
21
21
38
-3
36
-2
13
9
0
0
-1
35
5
-5
-8
18
4
36
11
2
35
5
19
14
31
40
-2
-3
41
6
17
3
42
27
34
19
0
39
15
-5
36
21
34
25
34
25
-1
-1
43
28
-10
-9
31
0
-3
16
17
-6
-8
-4
36
26
0
20
38
28
-4
29
29
-6
4
8
37
13
28
-6
8
1
-1
2
40
-5
11
9
37
-6
20
23
28
37
33
-2
-8
-7
-3
23
22
15
35
-7
32
-2
-2
18
21
-8
3
43
36
-2
43
9
27
-1
25
18
28
-5
7
13
2
27
8
-6
-8
33
-2
-6
11
25
29
9
34
33
32
-4
19
9
22
13
11
28
8
18
12
40
28
11
14
17
3
13
-3
42
26
-3
37
1
32
21
-8
-4
5
35
21
41
17
7
42
1
-10
26
14
33
34
2
24
15
39
37
28
3
33
38
37
20
2
13
26
24
42
31
9
32
33
-2
20
11
34
42
8
-1
4
-3
33
-5
41
7
22
26
17
0
-2
43
28
-1
35
36
27
36
40
30
29
26
17
4
-1
5
33
0
20
-10
43
40
3
27
43
5
9
-7
9
-3
-8
9
10
3
35
10
29
-1
13
12
23
11
-7
14
7
-1
24
1
16
17
33
13
11
3
15
21
0
-6
2
-4
30
19
9
10
15
31
23
11
43
-2
30
-2
-2
13
30
32
36
-2
-2
-10
14
37
1
33
3
3
18
41
24
3
40
-7
25
-4
19
31
25
35
-10
0
-3
0
-6
25
4
34
13
16
-4
41
23
34
-10
4
29
36
21
1
13
37
6
-10
21
32
40
-8
28
-10
22
40
12
18
19
4
18
-3
20
22
14
0
-7
0
41
16
8
6
-6
-10
17
13
27
25
10
23
41
32
7
32
14
11
25
28
-6
43
15
-3
23
21
35
22
4
-4
13
36
16
11
33
42
8
31
35
39
-3
30
39
0
3
30
-2
4
-3
16
2
9
20
21
5
9
20
23
2
12
30
-8
33
40
-7
8
1
22
11
-10
18
31
18
-4
-5
3
31
-2
31
18
38
10
10
41
14
5
40
6
-6
12
3
24
21
14
30
-1
0
38
33
23
24
3
-6
30
39
19
12
9
-6
28
-1
23
6
37
24
41
-10
38
-1
3
22
9
25
21
23
9
16
18
35
-3
16
0
23
9
0
42
6
23
34
28
32
23
-6
-1
34
27
12
21
-7
-1
38
27
32
41
33
-8
38
18
-4
17
38
7
-1
37
12
15
9
7
24
25
43
26
-10
-6
8
13
22
10
0
-2
-1
10
8
7
5
0
39
5
5
-10
37
0
24
37
41
12
9
8
40
23
1
42
14
-2
16
34
9
10
29
31
16
12
40
29
22
13
30
-9
11
20
30
37
3
-1
10
15
36
-7
-9
15
25
7
4
0
2
30
-5
-8
-4
-5
-3
11
19
31
21
26
36
42
40
-6
34
40
11
0
-5
23
13
30
41
38
24
38
-2
3
-6
26
27
13
-3
40
37
24
13
28
31
35
-7
22
-10
34
18
4
-5
24
-4
26
22
-8
18
13
40
32
9
-4
38
-2
34
4
-5
24
13
6
6
18
0
-10
20
42
5
9
26
-10
-6
17
41
19
2
3
-8
9
7
-1
12
25
35
15
-6
40
-2
8
25
-2
37
10
33
16
42
21
0
-4
29
31
-4
27
27
30
27
0
43
-9
24
7
-9
-6
25
25
16
18
38
6
-3
-5
14
31
11
38
13
39
9
-5
31
26
7
42
10
12
42
22
42
8
19
38
34
7
-9
3
11
0
5
1
36
2
25
34
1
27
14
40
5
26
14
1
-7
15
36
30
22
7
19
-8
37
-5
16
33
23
19
9
24
8
41
41
14
-6
-6
-8
21
10
7
23
-10
37
20
22
40
9
17
-8
30
2
18
-4
34
5
5
32
30
16
-4
4
35
10
13
13
-2
10
10
31
-6
23
-8
19
16
42
19
16
-9
29
0
42
-2
17
19
24
19
12
32
37
20
29
18
42
39
17
42
19
1
21
40
12
16
-8
26
0
22
36
9
-8
17
10
29
41
-10
25
9
35
7
31
20
14
2
2
6
13
15
37
1
22
9
35
30
14
18
24
27
-7
13
14
-5
32
-3
32
1
23
13
-8
10
14
40
20
34
8
37
3
24
-2
14
38
0
-5
-6
27
29
29
10
15
4
7
26
25
0
0
0
40
25
-1
-1
18
-10
31
28
15
31
36
31
19
13
-1
-10
32
43
7
42
3
20
21
23
34
31
24
39
19
20
10
24
-5
27
-7
17
7
-10
-4
33
3
19
-4
-7
8
22
30
0
34
33
35
2
19
10
34
-1
32
13
34
-9
13
28
18
17
-2
25
10
38
14
-9
0
0
25
-2
10
29
6
33
28
6
29
39
33
-9
39
8
24
27
18
20
39
25
9
20
-6
13
14
31
8
7
18
20
9
16
16
3
6
17
1
26
31
2
19
-4
19
1
0
22
41
16
14
18
-8
41
23
29
5
-1
-7
-9
3
1
11
16
41
-9
23
22
13
42
24
31
4
23
43
-6
4
-4
-4
-6
26
11
34
30
20
-1
1
31
9
16
23
0
9
22
18
8
3
13
9
9
8
-3
6
28
41
24
25
5
42
22
2
26
19
42
-10
0
36
41
4
-8
14
17
34
24
30
-2
-1
38
31
38
34
25
43
16
33
36
21
-8
-3
-10
-9
-4
9
-6
24
-5
20
12
1
8
23
17
18
38
25
15
-10
21
8
43
4
24
24
-10
11
-5
38
10
40
5
20
27
43
20
22
26
23
8
8
15
-3
42
3
-10
19
36
11
25
-3
29
-3
9
-10
33
8
-6
-8
-2
4
-1
19
2
7
3
-2
20
-4
-10
12
16
27
16
16
16
36
24
33
-5
40
32
11
8
28
19
37
7
30
17
-4
29
27
29
24
29
16
14
11
25
-7
-10
21
9
35
3
8
2
35
12
40
0
43
7
26
-10
21
0
43
-9
11
-1
12
2
39
1
18
-6
20
24
37
33
11
11
0
12
19
41
-2
3
13
41
41
10
43
27
-2
25
22
13
-9
8
13
1
7
12
17
8
12
27
19
35
7
23
-8
20
15
22
-4
35
15
27
30
30
38
-7
-5
0
7
-5
37
23
38
-8
34
22
26
19
13
38
2
23
24
22
0
41
17
23
42
39
33
9
24
8
34
-4
-3
12
41
-2
31
-7
13
-6
21
10
28
16
15
41
36
-1
28
9
25
36
38
1
22
19
25
20
5
40
12
7
43
28
-1
-4
32
2
36
-1
10
12
38
0
42
-6
-3
0
15
33
7
14
24
16
10
12
9
-9
42
11
39
2
-6
13
30
6
28
35
30
16
22
19
6
17
33
8
26
20
42
19
18
8
-6
17
-10
32
28
25
42
-4
-5
43
-10
19
19
-7
10
-5
6
41
3
26
26
40
20
-3
20
24
-1
36
35
17
17
27
22
-9
-1
35
40
6
-8
25
31
21
30
41
33
33
22
36
23
21
32
16
3
-7
31
24
24
-6
19
0
21
-5
-3
23
-7
43
14
1
3
-2
18
36
35
13
25
43
28
37
-10
41
19
4
14
20
2
0
27
41
3
4
18
40
27
-2
26
-7
31
-2
9
4
33
3
-8
21
20
6
14
12
-9
4
38
37
11
32
2
28
32
-7
-7
34
28
43
8
6
1
10
6
35
11
36
2
6
-2
